cec-1: 300.00008053185184
cec-10: 2600.000000000968
cec-11: 2600.000048336511
cec-12: 3111.155775991618
cec-2: 400.0257699569012
cec-3: 677.5750526866956
cec-4: 812.9344324320411
cec-5: 964.3280050908908
cec-6: 1800.0001553734842
cec-7: 2129.368930069756
cec-8: 2443.0457959481746
cec-9: 2639.416734343873
