cec-1: 300.0000034619176
cec-10: 2600.00000000008
cec-11: 2600.0001131275058
cec-12: 3165.4536443462457
cec-2: 400.0000046890257
cec-3: 677.5750526866956
cec-4: 812.9344324320411
cec-5: 900.0002845643668
cec-6: 1800.0002876331273
cec-7: 2130.7807940256284
cec-8: 2487.605840240031
cec-9: 2600.0000000006607
