cec-1: 300.00001806121116
cec-10: 2600.0
cec-11: 2600.0000601806287
cec-12: 3165.4536443462457
cec-2: 400.0000049037666
cec-3: 677.5750526866956
cec-4: 812.9344324320411
cec-5: 900.0000089874949
cec-6: 1800.0001150622827
cec-7: 2000.0000687574163
cec-8: 2437.206992707528
cec-9: 2600.0
