5000 steps
nlshadersp: 27.11535334587097
des: 3.2828242778778076
hybridization: 16.097625970840454
